1;2024-01-01;3;2
1;2024-01-01;20;1
2;2024-01-02;11;1
3;2024-01-03;21;3
4;2024-01-04;5;1
4;2024-01-04;9;2
5;2024-01-05;14;1
6;2024-01-06;18;2
6;2024-01-06;26;1
7;2024-01-07;2;3
8;2024-01-08;7;1
9;2024-01-09;12;1
9;2024-01-09;17;2
10;2024-01-10;19;1
11;2024-01-11;4;2
12;2024-01-12;10;1
13;2024-01-13;13;1
14;2024-01-14;16;2
15;2024-01-15;22;1
16;2024-01-16;1;3
17;2024-01-17;8;1
18;2024-01-18;15;1
19;2024-01-19;17;2
20;2024-01-20;23;1
21;2024-01-21;3;2
22;2024-01-22;6;1
23;2024-01-23;11;1
24;2024-01-24;18;2
25;2024-01-25;20;1
26;2024-01-26;5;2
27;2024-01-27;9;1
28;2024-01-28;14;1
29;2024-01-29;16;2
30;2024-01-30;21;1
31;2024-01-31;2;2
32;2024-02-01;7;1
33;2024-02-02;12;1
34;2024-02-03;17;2
35;2024-02-04;19;1
36;2024-02-05;4;2
37;2024-02-06;10;1
38;2024-02-07;13;1
39;2024-02-08;18;2
40;2024-02-09;22;1
41;2024-02-10;1;3
42;2024-02-11;8;1
43;2024-02-12;15;1
44;2024-02-13;16;2
45;2024-02-14;23;1
46;2024-02-15;3;2
47;2024-02-16;6;1
48;2024-02-17;11;1
49;2024-02-18;17;2
50;2024-02-19;20;1
51;2024-02-20;5;2
52;2024-02-21;9;1
53;2024-02-22;14;1
54;2024-02-23;16;2
55;2024-02-24;21;1
56;2024-02-25;2;2
57;2024-02-26;7;1
58;2024-02-27;12;1
59;2024-02-28;17;2
60;2024-02-29;19;1
61;2024-03-01;4;2
62;2024-03-02;10;1
63;2024-03-03;13;1
64;2024-03-04;18;2
65;2024-03-05;22;1
66;2024-03-06;1;3
67;2024-03-07;8;1
68;2024-03-08;15;1
69;2024-03-09;16;2
70;2024-03-10;23;1
71;2024-03-11;3;2
72;2024-03-12;6;1
73;2024-03-13;11;1
74;2024-03-14;17;2
75;2024-03-15;20;1
76;2024-03-16;5;2
77;2024-03-17;9;1
78;2024-03-18;14;1
79;2024-03-19;16;2
80;2024-03-20;21;1
81;2024-03-21;2;2
82;2024-03-22;7;1
83;2024-03-23;12;1
84;2024-03-24;17;2
85;2024-03-25;19;1
86;2024-03-26;4;2
87;2024-03-27;10;1
88;2024-03-28;13;1
89;2024-03-29;18;2
90;2024-03-30;22;1
91;2024-03-31;1;3
92;2024-04-01;8;1
93;2024-04-02;15;1
94;2024-04-03;16;2
95;2024-04-04;23;1
96;2024-04-05;3;2
97;2024-04-06;6;1
98;2024-04-07;11;1
99;2024-04-08;17;2
100;2024-04-09;20;1
101;2024-04-10;5;2
102;2024-04-11;9;1
103;2024-04-12;14;1
104;2024-04-13;16;2
105;2024-04-14;21;1
106;2024-04-15;2;2
107;2024-04-16;7;1
108;2024-04-17;12;1
109;2024-04-18;17;2
110;2024-04-19;19;1
111;2024-04-20;4;2
112;2024-04-21;10;1
113;2024-04-22;13;1
114;2024-04-23;18;2
115;2024-04-24;22;1
116;2024-04-25;1;3
117;2024-04-26;8;1
118;2024-04-27;15;1
119;2024-04-28;16;2
120;2024-04-29;23;1
121;2024-04-30;3;2
122;2024-05-01;6;1
123;2024-05-02;11;1
124;2024-05-03;17;2
125;2024-05-04;20;1
126;2024-05-05;5;2
127;2024-05-06;9;1
128;2024-05-07;14;1
129;2024-05-08;16;2
130;2024-05-09;21;1
131;2024-05-10;2;2
132;2024-05-11;7;1
133;2024-05-12;12;1
134;2024-05-13;17;2
135;2024-05-14;19;1
136;2024-05-15;4;2
137;2024-05-16;10;1
138;2024-05-17;13;1
139;2024-05-18;18;2
140;2024-05-19;22;1
141;2024-05-20;1;3
142;2024-05-21;8;1
143;2024-05-22;15;1
144;2024-05-23;16;2
145;2024-05-24;23;1
146;2024-05-25;3;2
147;2024-05-26;6;1
148;2024-05-27;11;1
149;2024-05-28;17;2
150;2024-05-29;20;1
151;2024-05-30;5;2
152;2024-05-31;9;1
153;2024-06-01;14;1
154;2024-06-02;16;2
155;2024-06-03;21;1
156;2024-06-04;2;2
157;2024-06-05;7;1
158;2024-06-06;12;1
159;2024-06-07;17;2
160;2024-06-08;19;1
161;2024-06-09;4;2
162;2024-06-10;10;1
163;2024-06-11;13;1
164;2024-06-12;18;2
165;2024-06-13;22;1
166;2024-06-14;1;3
167;2024-06-15;8;1
168;2024-06-16;15;1
169;2024-06-17;16;2
170;2024-06-18;23;1
171;2024-06-19;3;2
172;2024-06-20;6;1
173;2024-06-21;11;1
174;2024-06-22;17;2
175;2024-06-23;20;1
176;2024-06-24;5;2
177;2024-06-25;9;1
178;2024-06-26;14;1
179;2024-06-27;16;2
180;2024-06-28;21;1
181;2024-06-29;2;2
182;2024-06-30;7;1
183;2024-07-01;12;1
184;2024-07-02;17;2
185;2024-07-03;19;1
186;2024-07-04;4;2
187;2024-07-05;10;1
188;2024-07-06;13;1
189;2024-07-07;18;2
190;2024-07-08;22;1
191;2024-07-09;1;3
192;2024-07-10;8;1
193;2024-07-11;15;1
194;2024-07-12;16;2
195;2024-07-13;23;1
196;2024-07-14;3;2
197;2024-07-15;6;1
198;2024-07-16;11;1
199;2024-07-17;17;2
200;2024-07-18;20;1
201;2024-07-19;5;2
202;2024-07-20;9;1
203;2024-07-21;14;1
204;2024-07-22;16;2
205;2024-07-23;21;1
206;2024-07-24;2;2
207;2024-07-25;7;1
208;2024-07-26;12;1
209;2024-07-27;17;2
210;2024-07-28;19;1
211;2024-07-29;4;2
212;2024-07-30;10;1
213;2024-07-31;13;1
214;2024-08-01;18;2
215;2024-08-02;22;1
216;2024-08-03;1;3
217;2024-08-04;8;1
218;2024-08-05;15;1
219;2024-08-06;16;2
220;2024-08-07;23;1
221;2024-08-08;3;2
222;2024-08-09;6;1
223;2024-08-10;11;1
224;2024-08-11;17;2
225;2024-08-12;20;1
226;2024-08-13;5;2
227;2024-08-14;9;1
228;2024-08-15;14;1
229;2024-08-16;16;2
230;2024-08-17;21;1
231;2024-08-18;2;2
232;2024-08-19;7;1
233;2024-08-20;12;1
234;2024-08-21;17;2
235;2024-08-22;19;1
236;2024-08-23;4;2
237;2024-08-24;10;1
238;2024-08-25;13;1
239;2024-08-26;18;2
240;2024-08-27;22;1
241;2024-08-28;1;3
242;2024-08-29;8;1
243;2024-08-30;15;1
244;2024-08-31;16;2
245;2024-09-01;23;1
246;2024-09-02;3;2
247;2024-09-03;6;1
248;2024-09-04;11;1
249;2024-09-05;17;2
250;2024-09-06;20;1
251;2024-09-07;5;2
252;2024-09-08;10;1
253;2024-09-09;14;1
254;2024-09-10;16;2
255;2024-09-11;21;1
256;2024-09-12;2;2
257;2024-09-13;7;1
258;2024-09-14;12;1
259;2024-09-15;17;2
260;2024-09-16;19;1
261;2024-09-17;4;2
262;2024-09-18;10;1
263;2024-09-19;13;1
264;2024-09-20;18;2
265;2024-09-21;22;1
266;2024-09-22;1;3
267;2024-09-23;8;1
268;2024-09-24;15;1
269;2024-09-25;16;2
270;2024-09-26;23;1
271;2024-09-27;3;2
272;2024-09-28;6;1
273;2024-09-29;11;1
274;2024-09-30;17;2
275;2024-10-01;20;1
276;2024-10-02;5;2
277;2024-10-03;9;1
278;2024-10-04;14;1
279;2024-10-05;16;2
280;2024-10-06;21;1
281;2024-10-07;2;2
282;2024-10-08;7;1
283;2024-10-09;12;1
284;2024-10-10;17;2
285;2024-10-11;19;1
286;2024-10-12;4;2
287;2024-10-13;10;1
288;2024-10-14;13;1
289;2024-10-15;18;2
290;2024-10-16;22;1
291;2024-10-17;1;3
292;2024-10-18;8;1
293;2024-10-19;15;1
294;2024-10-20;16;2
295;2024-10-21;23;1
296;2024-10-22;3;2
297;2024-10-23;6;1
298;2024-10-24;11;1
299;2024-10-25;17;2
300;2024-10-26;20;1
300;2024-10-26;1;1
300;2024-10-26;29;1